"Ala" "Cys" "Asp" "Glu" "Phe" "Gly" "His" "Ile" "Lys" "Leu" "Met" "Asn" "Pro" "Gln" "Arg" "Ser" "Thr" "Val" "Trp" "Tyr"
"ALa" 0.51 0.15 0.26 0.49 0.21 0.6 0.04 0.47 0.3 1 0.32 0.28 0.51 0.49 0.53 0.36 0.23 0.68 0.11 0.4
"Cys" 0.15 0.02 0 0.11 0.02 0.09 0.06 0.04 0.02 0 0.02 0.04 0.13 0.09 0.04 0.06 0.04 0.09 0 0
"Asp" 0.26 0 0.09 0.11 0.06 0.38 0.04 0.19 0.15 0.15 0.04 0.15 0.36 0.19 0.17 0.43 0.17 0.17 0.04 0.11
"Glu" 0.49 0.11 0.11 0.11 0.17 0.28 0.11 0.23 0.19 0.4 0.13 0.21 0.3 0.21 0.3 0.28 0.15 0.23 0.04 0.17
"Phe" 0.21 0.02 0.06 0.17 0.02 0.17 0.04 0.15 0.09 0.28 0.04 0.19 0.15 0.09 0.15 0.26 0.13 0.21 0.02 0.09
"Gly" 0.6 0.09 0.38 0.28 0.17 0.15 0.17 0.19 0.26 0.43 0.23 0.36 0.38 0.34 0.51 0.19 0.36 0.43 0.11 0.28
"His" 0.04 0.06 0.04 0.11 0.04 0.17 0 0 0.06 0.09 0.02 0.15 0.06 0.06 0.09 0.04 0.04 0.04 0 0.02
"Ile" 0.47 0.04 0.19 0.23 0.15 0.19 0 0.13 0.15 0.19 0.11 0.11 0.15 0.17 0.15 0.21 0.09 0.28 0.06 0.09
"Lys" 0.3 0.02 0.15 0.19 0.09 0.26 0.06 0.15 0.06 0.3 0.02 0.09 0.15 0.21 0.06 0.21 0.13 0.17 0 0.15
"Leu" 1 0 0.15 0.4 0.28 0.43 0.09 0.19 0.3 0.49 0.21 0.21 0.26 0.28 0.51 0.4 0.23 0.64 0.04 0.28
"Met" 0.32 0.02 0.04 0.13 0.04 0.23 0.02 0.11 0.02 0.21 0.09 0.13 0.15 0.02 0.11 0.09 0.15 0.11 0.04 0.11
"Asn" 0.28 0.04 0.15 0.21 0.19 0.36 0.15 0.11 0.09 0.21 0.13 0.09 0.19 0.17 0.21 0.4 0.17 0.21 0.04 0.15
"Pro" 0.51 0.13 0.36 0.3 0.15 0.38 0.06 0.15 0.15 0.26 0.15 0.19 0.17 0.32 0.26 0.3 0.17 0.3 0.19 0.19
"Gln" 0.49 0.09 0.19 0.21 0.09 0.34 0.06 0.17 0.21 0.28 0.02 0.17 0.32 0.11 0.19 0.36 0.06 0.15 0.09 0.17
"Arg" 0.53 0.04 0.17 0.3 0.15 0.51 0.09 0.15 0.06 0.51 0.11 0.21 0.26 0.19 0.17 0.3 0.21 0.21 0.06 0.28
"Ser" 0.36 0.06 0.43 0.28 0.26 0.19 0.04 0.21 0.21 0.4 0.09 0.4 0.3 0.36 0.3 0.17 0.32 0.23 0.04 0.26
"Thr" 0.23 0.04 0.17 0.15 0.13 0.36 0.04 0.09 0.13 0.23 0.15 0.17 0.17 0.06 0.21 0.32 0.15 0.19 0.06 0.19
"Val" 0.68 0.09 0.17 0.23 0.21 0.43 0.04 0.28 0.17 0.64 0.11 0.21 0.3 0.15 0.21 0.23 0.19 0.13 0.02 0.19
"Trp" 0.11 0 0.04 0.04 0.02 0.11 0 0.06 0 0.04 0.04 0.04 0.19 0.09 0.06 0.04 0.06 0.02 0 0.02
"Tyr" 0.4 0 0.11 0.17 0.09 0.28 0.02 0.09 0.15 0.28 0.11 0.15 0.19 0.17 0.28 0.26 0.19 0.19 0.02 0.09
